   t/min   12CO2/%  Delta,c/‰  TestValue TestID          
       0   1,69228     -25,96       -0,2 TM-HU-00004521  
      30   1,66703     -26,15                            
       0   2,27548     -24,39        1,0 CONTROL 13-0..  
      30   1,85478     -23,43                            
       0   2,09735     -23,77       28,0 TM-HU-00004522  
      30   1,84998       4,17                            
       0   1,89210     -22,79        0,8 TM-HU-00004523  
      30   1,87810     -22,03                            
       0   2,23391     -22,82        0,6 TM-HU-00004524  
      30   2,08704     -22,25                            
       0   1,58312     -23,53        0,0 TM-HU-00004525  
      30   0,19834  -10000,00                            
       0   2,12255     -26,07        0,8 TM-HU-00004526  
      30   2,16677     -25,33                            
       0   1,93498     -21,43        6,2 TM-HU-00004527  
      30   1,76706     -14,85                            
       0   1,78044     -24,00        1,3 TM-HU-00009999  
      30   1,97685     -22,75                            
